    T(s)   Csm_elast  Csm_diseno
--------------------------------
  0.0000      0.3744      0.1248
  0.0050      0.4119      0.1373
  0.0100      0.4494      0.1498
  0.0200      0.5245      0.1748
  0.0300      0.5995      0.1998
  0.0400      0.6745      0.2248
  0.0500      0.7495      0.2498
  0.0600      0.8246      0.2749
  0.0700      0.8996      0.2999
  0.0749      0.9360      0.3120
  0.0800      0.9360      0.3120
  0.0900      0.9360      0.3120
  0.1000      0.9360      0.3120
  0.1200      0.9360      0.3120
  0.1400      0.9360      0.3120
  0.1600      0.9360      0.3120
  0.1800      0.9360      0.3120
  0.2000      0.9360      0.3120
  0.2200      0.9360      0.3120
  0.2400      0.9360      0.3120
  0.2600      0.9360      0.3120
  0.2800      0.9360      0.3120
  0.3000      0.9360      0.3120
  0.3200      0.9360      0.3120
  0.3400      0.9360      0.3120
  0.3600      0.9360      0.3120
  0.3743      0.9359      0.3120
  0.4000      0.8757      0.2919
  0.4500      0.7784      0.2595
  0.5000      0.7006      0.2335
  0.5500      0.6369      0.2123
  0.6000      0.5838      0.1946
  0.6500      0.5389      0.1796
  0.7000      0.5004      0.1668
  0.7500      0.4671      0.1557
  0.8000      0.4379      0.1460
  0.8500      0.4121      0.1374
  0.9000      0.3892      0.1297
  0.9500      0.3687      0.1229
  1.0000      0.3503      0.1168
  1.1000      0.3185      0.1062
  1.2000      0.2919      0.0973
  1.3000      0.2695      0.0898
  1.4000      0.2502      0.0834
  1.5000      0.2335      0.0778
  1.6000      0.2189      0.0730
  1.7000      0.2061      0.0687
  1.8000      0.1946      0.0649
  1.9000      0.1844      0.0615
  2.0000      0.1752      0.0584
  2.2000      0.1592      0.0531
  2.4000      0.1460      0.0487
  2.6000      0.1347      0.0449
  2.8000      0.1251      0.0417
  3.0000      0.1168      0.0389
  3.5000      0.1001      0.0334
  4.0000      0.0876      0.0292
  4.5000      0.0778      0.0259
  5.0000      0.0701      0.0234
